-74558 -91201 -91607 -74440 -79914 -73591 -69380 -81047 -80254 -99062 -78552 -88038 -97775 -94795 -77724 -98061 -79586 -75771 -76211 -67858 
-86708 -81565 -90183 -84902 -87752 -86711 -79800 -76762 -73044 -96600 -83396 -76196 -74474 -67449 -93046 -82452 -85960 -91667 -84176 -83029 
-92384 -93950 -71222 -95589 -70821 -69263 -77728 -73363 -73626 -75248 -89469 -90812 -93339 -92733 -75624 -95812 -81129 -80994 -81037 -71125 
-80886 -79287 -81368 -88025 -97013 -91479 -95715 -79032 -83999 -96836 -84636 -90578 -69061 -87611 -95416 -88890 -75034 -83286 -84186 -79926 
-84157 -87654 -73345 -75385 -70407 -69646 -73910 -75805 -78873 -97950 -70769 -94306 -84899 -87732 -90319 -97064 -70261 -75924 -91380 -80684 
-81863 -90178 -92097 -97029 -87623 -69220 -77109 -85212 -83174 -79321 -97698 -74990 -67425 -72215 -76439 -96962 -78481 -84551 -89480 -68905 
-71794 -91426 -80957 -75000 -94196 -86409 -77568 -94855 -76931 -92134 -87172 -90600 -94551 -84037 -94102 -98791 -85116 -88369 -88709 -88517 
-75168 -76622 -85073 -84402 -68767 -81338 -97174 -86542 -86991 -89890 -92982 -89439 -74250 -75686 -93384 -92432 -92287 -83821 -74947 -76015 
-92216 -75271 -72809 -98659 -78697 -69254 -77171 -95344 -87678 -91226 -86913 -89450 -70882 -72943 -77631 -71547 -91535 -96775 -83798 -92886 
-72538 -82135 -86809 -89272 -91387 -92643 -72427 -81442 -69853 -99737 -80496 -70999 -82090 -86446 -86139 -81430 -96404 -80700 -92337 -89239
